0.31,0.451
0.338,0.492
0.37,0.536
0.4,0.58
0.434,0.628
0.466,0.675
0.5,0.723
0.537,0.776
0.573,0.828
0.61,0.881
0.651,0.939
0.69,0.995
0.734,1.057
0.775,1.116
0.817,1.177
0.86,1.239
0.909,1.307
0.955,1.372
1.001,1.439
1.048,1.506
1.102,1.582
1.151,1.652
1.201,1.724
1.253,1.797
1.312,1.879
1.365,1.955
1.419,2.033
1.474,2.112
1.539,2.201
1.596,2.282
1.654,2.366
1.713,2.45
1.773,2.536
1.833,2.622
1.905,2.721
1.969,2.811
2.032,2.902
2.097,2.995
2.163,3.088
2.229,3.183
2.309,3.291
2.377,3.389
2.447,3.488
2.517,3.588
2.588,3.69
2.66,3.792
2.733,3.896
2.807,4.001
2.897,4.123
2.972,4.231
3.049,4.34
3.127,4.451
3.205,4.562
3.284,4.675
3.365,4.789
3.445,4.904
3.527,5.02
3.61,5.138
3.693,5.256
3.777,5.376
3.883,5.518
3.969,5.64
4.056,5.765
4.144,5.89
4.233,6.016
4.323,6.143
4.413,6.272
4.504,6.401
4.597,6.532
4.689,6.664
4.783,6.797
4.878,6.932
4.973,7.067
5.069,7.203
5.166,7.341
5.263,7.48
5.362,7.62
5.461,7.761
5.561,7.903
5.662,8.046
5.764,8.191
5.866,8.336
5.969,8.483
6.073,8.631
6.178,8.78
6.284,8.93
6.39,9.081
6.497,9.233
6.64,9.421
6.714,9.541
6.823,9.696
6.933,9.852
7.044,10.01
7.156,10.169
7.268,10.329
7.42,10.529
7.495,10.652
7.61,10.815
7.726,10.979
7.842,11.144
7.959,11.31
8.077,11.478
8.196,11.647
8.315,11.816
8.435,11.987
8.556,12.158
8.677,12.331
8.799,12.505
8.922,12.679
9.046,12.856
9.171,13.032
9.296,13.211
9.422,13.389
9.549,13.57
9.676,13.751
9.804,13.933
9.933,14.116
10.063,14.3
10.193,14.486
10.325,14.672
10.456,14.859
10.589,15.047
10.722,15.237
10.856,15.427
10.991,15.619
11.126,15.811
11.263,16.005
11.4,16.2
11.537,16.395
11.675,16.592
11.815,16.789
11.954,16.988
12.095,17.188
12.236,17.388
12.378,17.59
12.455,17.727
12.597,17.93
12.74,18.133
12.885,18.339
13.029,18.544
13.175,18.751
13.321,18.959
13.468,19.168
13.615,19.378
13.763,19.589
13.912,19.801
14.062,20.014
14.212,20.228
14.363,20.443
14.515,20.659
14.667,20.875
14.82,21.093
14.974,21.312
15.128,21.532
15.283,21.753
15.439,21.975
15.513,22.115
15.67,22.338
15.827,22.562
15.984,22.786
16.143,23.012
16.302,23.239
16.462,23.467
16.622,23.695
16.783,23.925
16.945,24.156
17.107,24.387
17.271,24.62
17.435,24.854
17.599,25.088
17.764,25.323
17.93,25.56
18.096,25.797
18.264,26.036
18.333,26.177
18.501,26.416
18.669,26.656
18.838,26.898
19.008,27.139
19.178,27.382
19.349,27.627
19.52,27.872
19.693,28.118
19.865,28.364
20.039,28.613
20.213,28.861
20.388,29.111
20.564,29.361
20.629,29.502
20.805,29.754
20.981,30.006
21.158,30.259
21.336,30.514
21.515,30.769
21.694,31.025
21.874,31.282
22.054,31.54
22.235,31.799
22.417,32.058
22.599,32.319
22.782,32.581
22.966,32.844
23.15,33.107
23.21,33.246
23.394,33.511
23.579,33.776
23.765,34.042
23.951,34.309
24.139,34.577
24.326,34.846
24.515,35.116
24.703,35.386
24.893,35.658
25.084,35.931
25.274,36.204
25.466,36.478
25.519,36.615
25.711,36.89
25.903,37.166
26.096,37.443
26.29,37.72
26.484,37.999
26.679,38.279
26.874,38.559
27.07,38.841
27.267,39.122
27.464,39.405
27.662,39.689
27.709,39.823
27.907,40.108
28.106,40.393
