0.31,0.451
0.324,0.471
0.338,0.492
0.355,0.514
0.37,0.536
0.384,0.557
0.4,0.58
0.416,0.603
0.434,0.628
0.45,0.651
0.466,0.675
0.483,0.699
0.5,0.723
0.52,0.751
0.537,0.776
0.555,0.802
0.573,0.828
0.591,0.854
0.613,0.884
0.632,0.912
0.651,0.939
0.671,0.967
0.69,0.995
0.71,1.024
0.734,1.057
0.754,1.086
0.775,1.116
0.796,1.146
0.817,1.177
0.839,1.208
0.86,1.239
0.887,1.275
0.909,1.307
0.932,1.339
0.955,1.372
0.978,1.405
1.001,1.439
1.024,1.472
1.054,1.512
1.078,1.547
1.102,1.582
1.127,1.617
1.151,1.652
1.176,1.688
1.201,1.724
1.227,1.76
1.253,1.797
1.285,1.841
1.312,1.879
1.338,1.917
1.365,1.955
1.392,1.994
1.419,2.033
1.447,2.072
1.474,2.112
1.51,2.16
1.539,2.201
1.567,2.241
1.596,2.282
1.625,2.324
1.654,2.366
1.683,2.407
1.713,2.45
1.743,2.493
1.773,2.536
1.803,2.579
1.833,2.622
1.875,2.677
1.905,2.721
1.937,2.766
1.969,2.811
2.0,2.856
2.032,2.902
2.064,2.948
2.097,2.995
2.13,3.041
2.163,3.088
2.196,3.135
2.229,3.183
2.263,3.231
2.309,3.291
2.33,3.328
2.377,3.389
2.412,3.439
2.447,3.488
2.482,3.538
2.517,3.588
2.553,3.639
2.588,3.69
2.624,3.741
2.66,3.792
2.696,3.844
2.733,3.896
2.77,3.948
2.807,4.001
2.844,4.054
2.882,4.108
2.935,4.177
2.972,4.231
3.011,4.285
3.049,4.34
3.088,4.395
3.127,4.451
3.166,4.506
3.205,4.562
3.245,4.618
3.284,4.675
3.324,4.732
3.365,4.789
3.405,4.846
3.445,4.904
3.486,4.962
3.527,5.02
3.568,5.079
3.61,5.138
3.651,5.197
3.693,5.256
3.735,5.316
3.777,5.376
3.82,5.437
3.883,5.518
3.905,5.558
3.969,5.64
4.013,5.703
4.056,5.765
4.1,5.827
4.144,5.89
4.189,5.952
4.233,6.016
4.278,6.079
4.323,6.143
4.368,6.207
4.413,6.272
4.459,6.336
4.504,6.401
4.55,6.467
4.597,6.532
4.643,6.598
4.689,6.664
4.736,6.731
4.783,6.797
4.83,6.864
4.878,6.932
4.925,6.999
4.973,7.067
5.021,7.135
5.069,7.203
5.117,7.272
5.166,7.341
5.215,7.41
5.263,7.48
5.312,7.549
5.362,7.62
5.412,7.69
5.461,7.761
5.511,7.832
5.561,7.903
5.612,7.975
5.662,8.046
5.713,8.118
5.764,8.191
5.815,8.264
5.866,8.336
5.918,8.409
5.969,8.483
6.021,8.556
6.073,8.631
6.126,8.705
6.178,8.78
6.231,8.855
6.284,8.93
6.337,9.005
6.39,9.081
6.443,9.157
6.497,9.233
6.551,9.31
6.605,9.386
6.659,9.463
6.714,9.541
6.768,9.618
6.823,9.696
6.914,9.81
6.933,9.852
7.025,9.968
7.081,10.048
7.1,10.089
7.194,10.207
7.212,10.249
7.268,10.329
7.325,10.409
7.42,10.529
7.438,10.571
7.495,10.652
7.553,10.733
7.61,10.815
7.668,10.897
7.726,10.979
7.784,11.061
7.884,11.186
7.942,11.269
7.959,11.31
8.018,11.394
8.077,11.478
8.179,11.605
8.196,11.647
8.255,11.731
8.315,11.816
8.375,11.901
8.435,11.987
8.495,12.073
8.556,12.158
8.616,12.245
8.677,12.331
8.784,12.463
8.799,12.505
8.861,12.592
8.922,12.679
8.984,12.767
9.046,12.856
9.109,12.944
9.171,13.032
9.234,13.122
9.296,13.211
9.359,13.3
9.422,13.389
9.485,13.479
9.549,13.57
9.613,13.66
9.676,13.751
9.74,13.842
9.804,13.933
9.869,14.024
9.933,14.116
9.998,14.208
10.063,14.3
10.128,14.393
10.193,14.486
10.259,14.579
10.325,14.672
10.39,14.765
10.456,14.859
10.523,14.953
10.589,15.047
10.656,15.142
10.722,15.237
10.789,15.332
10.856,15.427
10.924,15.523
10.991,15.619
11.058,15.715
11.126,15.811
11.194,15.908
11.263,16.005
11.331,16.102
11.4,16.2
11.468,16.297
11.537,16.395
11.606,16.493
11.675,16.592
11.745,16.69
11.815,16.789
11.884,16.889
11.954,16.988
12.025,17.088
12.095,17.188
12.165,17.288
12.236,17.388
12.307,17.489
12.378,17.59
12.384,17.626
12.521,17.793
12.592,17.894
12.597,17.93
12.669,18.031
12.74,18.133
12.88,18.303
12.885,18.339
12.957,18.441
13.029,18.544
13.102,18.648
13.175,18.751
13.247,18.855
13.321,18.959
13.394,19.064
13.468,19.168
13.541,19.273
13.615,19.378
13.689,19.484
13.763,19.589
13.838,19.695
13.912,19.801
13.987,19.908
14.062,20.014
14.137,20.121
14.212,20.228
14.287,20.335
14.363,20.443
14.439,20.55
14.515,20.659
14.591,20.767
14.667,20.875
14.743,20.984
14.82,21.093
14.897,21.203
14.974,21.312
15.051,21.422
15.128,21.532
15.206,21.643
15.283,21.753
15.361,21.864
15.439,21.975
15.435,22.004
15.513,22.115
15.591,22.226
15.67,22.338
15.748,22.45
15.827,22.562
15.905,22.674
15.984,22.786
16.064,22.899
16.143,23.012
16.222,23.125
16.302,23.239
16.382,23.353
16.462,23.467
16.542,23.581
16.622,23.695
16.702,23.81
16.783,23.925
16.864,24.04
16.945,24.156
17.026,24.272
17.107,24.387
17.189,24.503
17.271,24.62
17.352,24.737
17.435,24.854
17.516,24.97
17.599,25.088
17.681,25.206
17.764,25.323
17.847,25.441
17.93,25.56
17.917,25.583
18.096,25.797
18.18,25.916
18.167,25.939
18.347,26.155
18.333,26.177
18.417,26.296
18.501,26.416
18.585,26.536
18.669,26.656
18.754,26.777
18.838,26.898
18.923,27.019
19.008,27.139
19.093,27.261
19.178,27.382
19.263,27.505
19.349,27.627
19.434,27.749
19.52,27.872
19.606,27.994
19.693,28.118
19.779,28.241
19.865,28.364
19.952,28.488
20.039,28.613
20.126,28.737
20.213,28.861
20.301,28.986
20.388,29.111
20.476,29.236
20.564,29.361
20.652,29.487
20.629,29.502
20.717,29.627
20.805,29.754
20.893,29.879
20.981,30.006
21.07,30.133
21.158,30.259
21.247,30.386
21.336,30.514
21.425,30.641
21.515,30.769
21.604,30.897
21.694,31.025
21.784,31.153
21.874,31.282
21.964,31.411
22.054,31.54
22.145,31.669
22.235,31.799
22.326,31.929
22.417,32.058
22.508,32.189
22.599,32.319
22.691,32.45
22.782,32.581
22.874,32.712
22.966,32.844
23.058,32.976
23.15,33.107
23.118,33.115
23.21,33.246
23.302,33.378
23.394,33.511
23.487,33.643
23.579,33.776
23.672,33.909
23.765,34.042
23.858,34.175
23.951,34.309
24.045,34.443
24.139,34.577
24.232,34.711
24.326,34.846
24.42,34.981
24.515,35.116
24.609,35.251
24.703,35.386
24.798,35.522
24.893,35.658
24.988,35.794
25.084,35.931
25.179,36.067
25.274,36.204
25.37,36.341
25.466,36.478
25.562,36.616
25.658,36.754
25.615,36.752
25.711,36.89
25.807,37.027
25.903,37.166
26.0,37.304
26.096,37.443
26.193,37.581
26.29,37.72
26.387,37.86
26.484,37.999
26.582,38.139
26.679,38.279
26.777,38.419
26.874,38.559
26.972,38.699
27.07,38.841
27.168,38.981
27.267,39.122
27.366,39.264
27.464,39.405
27.563,39.547
27.662,39.689
27.761,39.832
27.861,39.974
27.808,39.965
27.907,40.108
28.007,40.25
28.106,40.393
